(148,0,211) (175,238,238) (139,0,139) 
(255,228,196) (0,0,0) (123,104,238) 
(0,0,0) (34,139,34) (0,0,0) 
(119,136,153) (0,0,0) (210,105,30) 
(176,224,230) (0,100,0) (173,216,230) 
(138,43,226) (255,255,255) (25,25,112) 
(154,205,50) (139,0,0) (230,230,250) 
(205,92,92) (0,0,0) (255,255,0) 
(139,0,139) (255,240,245) (139,69,19) 
(0,128,0) (245,245,220) (25,25,112) 
(255,228,181) (85,107,47) (238,232,170) 
(253,245,230) (25,25,112) (255,222,173) 
(255,245,238) (106,90,205) (224,255,255) 
(176,224,230) (139,69,19) (255,192,203) 
(102,205,170) (0,0,0) (0,255,127) 
(47,79,79) (255,182,193) (0,100,0) 
(160,82,45) (224,255,255) (0,0,0) 
(245,245,220) (47,79,79) (0,255,127) 
(0,100,0) (0,255,255) (85,107,47) 
(106,90,205) (250,235,215) (139,69,19) 
