3 4 10 4 2 3 4.333333333333333 
8 6 6 7 1 7 5.833333333333333 
1 8 5 9 6 4 5.5 
5 3 8 10 5 5 6.0 
6 7 4 1 9 1 4.666666666666667 
3 9 7 4 4 9 6.0 
7 2 6 3 3 6 4.5 
4 8 10 5 2 9 6.333333333333333 
5 6 2 7 3 7 5.0 
1 10 5 5 6 7 5.666666666666667 
9 3 2 10 6 6 6.0 
6 10 4 10 2 2 5.666666666666667 
9 9 4 7 8 6 7.166666666666667 
7 9 5 6 2 7 6.0 
7 3 9 7 6 5 6.166666666666667 
6 1 5 10 9 1 5.333333333333333 
2 3 4 4 4 6 3.8333333333333335 
6 9 6 3 2 6 5.333333333333333 
7 8 10 7 2 1 5.833333333333333 
5 6 5 7 4 0 4.5 
